01/2010	2366288.48	3458855.79	4374412.27	6089256.25	6677785.98	2534380.42	5745892.68	1346632.62	2893719.95	7268259.64	960434.07	8211852.17	1850374.46	2482355.90	251065.12	6764079.39	1766473.42	5229660.47	4394659.34	778178.95	2629940.99	6801368.03	5433482.12	3506145.67	5019767.97	6620154.12		
01/2011	5152955.15	5773765.49	3857056.64	3858558.26	4833360.31	3347113.94	2798954.68	4817459.31	5840561.28	4608689.39	2623314.29	6682474.19	4583257.11	3543319.82	7007878.19	2639679.69	3244005.73	3999575.97	505175.29	4572147.99	4685985.67	7261586.58	9473854.31	2280708.73	3274981.04	5333410.88	3633306.38	7343793.29	4200754.19	4167368.45	2310649.79		
01/2012	2774453.28	2991575.49	3846823.17	5325874.49	5206928.98	5496605.37	2340281.74	4931594.32	9573492.59	5343992.63	7674283.23	1935619.18	5074144.96	2694681.82	2721089.77	5254562.63	6354977.20	5516774.20	5979677.59	4786297.81	5957447.41	4803684.98	3125230.68	5804936.63	3705936.96	3430973.54	4711481.76	7887066.97	6613810.55	4446576.59	4087741.53		
01/2013	4394539.09	8560320.84	4325033.42	5284834.55	6604365.31	8979590.37	7726899.85	4481755.30	4163501.23	4682443.60	3718413.05	5305109.05	7003642.49	4219895.66	4713478.96	3937646.49	3146784.00	2872694.32	6763099.54	4502192.93	3319359.07	3300195.90	3708103.84	5080510.61	7195011.89	4256104.33	5916897.76	5234118.77	3096053.72	5502050.35	6420230.02		
01/2014	3799424.17	3857553.11	9685258.12	3708063.63	3941281.77	4910067.98	5258802.82	5938967.25	6553886.69	4603779.08	2231950.93	5754305.34	5792903.65	4704320.29	2957749.83	6226334.01	4776505.09	7099473.89	6400886.21	4543199.01	4181383.38	4780394.89	6379252.06	3043615.47	4511609.75	3835166.27	4444838.35	3035694.15	788011.74	2587258.32	3890297.69		
01/2015	5841803.36	4709741.67	5092958.89	4230365.64	2546411.79	4056842.04	3903940.71	3153259.14	6856348.15	5759657.84	4987169.09	2478477.43	7607695.17	4480861.15	4173317.98	3646268.80	3169899.69	2859705.19	4773437.21	5803860.14	3535049.44	6114680.50	4058070.58	6531879.71	4646186.23	5455786.39	4370724.31	3022351.07	3382267.86	4744456.46	3377124.93		
01/2016	3228278.60	5064611.90	3639038.30	4018806.25	4154987.50	3866945.32	2703682.00	3497179.95	4502317.53	3772439.05	2930248.23	4746993.45	3938131.74	2509764.79	6372538.70	2485123.90	2512994.60	3515343.56	3163005.07	3085928.17	3660514.68	5120594.09	5352299.08	4859160.45	5129053.20	7930713.63	6265641.99	5464291.70	1823751.38	6957267.85	2481507.76		
01/2017	3592734.44	3973359.21	4932953.05	3774934.79	4698025.18	2554610.15	6810727.86	3810914.67	3191817.90	3161525.34	5066574.56	4374345.98	4874149.64	4289645.30	4564740.07	2178835.56	2584967.92	5399354.54	2021367.77	3581209.17	7319692.09	5837303.59	4446447.31	5050862.55	3292419.43	1796216.15	2982438.61	5166449.67	4228723.61	8009392.82	3470856.65		
02/2010	6166027.15	5916388.38	3955754.29	5251130.53	3653003.94	4109481.34	5773313.25	6090147.40	2968069.23	4681875.78	4876880.69	5713741.44	4085946.75	4170153.08	5530726.27	6509259.03	6491683.48	3592471.62	4510241.93	2350459.91	5462896.20	4585439.78	5754533.49	4156584.98	2830165.70	5945271.36	3940479.33	5148549.11		
02/2011	5521814.36	4537497.73	4024419.90	2386025.27	3791445.32	3735862.69	1870666.44	5090752.40	4829905.58	3780629.07	7665931.70	4042663.78	661763.55	4566789.22	3310782.68	3330338.62	1949412.68	5846729.26	3112954.28	2594274.15	3916521.69	4803694.34	6197255.65	3527338.63	5052442.89	2968676.49	4674235.41	4927173.32		
02/2012	3579123.00	4740365.51	4287411.98	4348584.74	6753910.89	3085165.54	6512134.75	4258024.45	3670353.35	4445218.04	2604934.49	4244991.94	5314978.76	3110748.47	2502173.29	1589132.43	4230775.51	6972720.80	5418365.59	6042098.45	7255695.19	7132326.75	3614880.12	4264507.55	2844267.74	4097725.29	3283048.22	4300266.71	3433660.03		
02/2013	6155971.46	2262427.44	4282639.77	3950849.27	3431509.96	2245016.05	3191626.58	2331732.19	4527167.34	4592843.74	6895627.06	3324245.52	3803910.12	6633784.30	8559002.74	5275030.75	5239442.01	4154763.86	6906101.15	3461812.66	2914274.76	2904088.70	4613217.16	3240612.31	3084724.36	5093888.44	4971034.43	3888880.25		
02/2014	3107877.52	4544032.28	6757456.66	5543659.59	2400817.33	3758185.10	4839847.22	7027928.40	4045230.69	5911161.68	8673608.38	1620911.58	5026449.32	4063036.41	3683564.31	4588621.68	4883267.42	3441886.35	5517742.35	3255177.97	4483022.87	2851564.48	2218079.05	7823897.78	3534480.57	4450539.90	4589559.07	6393572.14		
02/2015	4336980.09	4078025.30	1587556.08	3999494.72	1387367.49	6661330.23	6363913.96	4033206.87	3848592.82	3390744.93	1860614.32	1234839.95	5153947.00	8263731.15	4396029.59	5614046.91	2539097.13	5592153.65	3636521.90	3498560.42	4351636.16	3822136.06	5851103.97	5194312.82	4431068.24	4284305.94	2733360.44	5603214.32		
02/2016	3168022.05	2396347.66	4038600.21	2976050.03	3628683.87	5831002.51	3518661.75	4916210.08	3976364.36	4367620.44	2036832.62	4762423.65	5649278.46	7190709.61	3639743.92	5692020.60	3002301.09	3337164.65	3805161.03	4098937.17	3012566.75	5400380.33	5317233.44	3696598.53	2994446.04	4779767.94	4455662.63	5753030.16	5386317.51		
02/2017	3996712.68	4210601.25	3283740.03	3641354.33	5607590.76	6719914.52	4760972.26	3124704.97	2496631.31	6507823.94	5788086.53	3760937.54	3962087.89	5699059.04	4428586.50	5154771.08	4262817.12	5651802.56	3446029.09	3416635.67	3288493.64	4916521.09	2010213.81	3922684.13	3071217.50	4463897.03	5037943.33	3336538.22		
03/2010	4161517.28	4073956.25	8881700.18	5585038.69	3423801.00	3664410.15	4637867.48	4646359.77	5846590.48	2182103.17	1705760.87	4381111.75	6873030.14	4925093.25	5370686.98	3944754.26	11051660.17	5092488.30	2222943.83	3957819.80	4843535.02	5359131.19	1644406.90	2847698.87	3715167.88	2593387.70	5202720.16	4792612.53	3982685.42	3367569.45	2387690.18		
03/2011	6279677.91	2762978.03	2731072.45	1766848.01	2206864.85	5328422.31	2724537.41	7426856.24	8028991.41	2073211.77	5601090.45	6041017.84	3419477.24	3904038.17	4276973.12	3102060.67	6906665.77	5155253.17	4631710.67	4529053.50	4151192.87	5291767.80	4865407.35	5167266.27	4240345.49	3033570.28	6537398.43	4708282.97	1960931.17	3044878.90	6289731.95		
03/2012	4035089.57	6225978.76	6057481.88	2565317.47	4778358.44	4929538.53	8520434.52	3917988.18	3413659.34	6247907.05	7431016.97	3886898.40	3333798.13	3443337.56	3755670.36	5305024.34	5137378.52	5303955.09	7185436.45	4034559.32	4109459.72	3705377.76	2635904.08	4112901.29	2504794.04	8052711.28	4049856.62	3450173.62	3812579.05	7779764.46	4446452.27		
03/2013	5656378.35	4178784.04	3465644.82	3788273.82	5487291.92	5846436.50	3431414.67	2960628.75	5142957.88	2916837.52	5490711.72	2583602.48	4750095.20	1162506.79	1613964.99	6251668.35	6059353.80	2825961.22	2321979.99	1761808.77	5900226.56	2377195.60	4619625.21	4923654.01	3725493.16	2026297.83	3112591.64	3765102.65	4146342.52	1908954.78	3737063.61		
03/2014	4605369.97	3669962.27	4672848.96	4929352.96	2207547.79	3348572.98	2307379.17	3739337.08	3786121.84	2947375.77	3684721.70	4991246.55	7092826.60	6078275.25	4554784.43	2659022.27	4739459.28	4975107.43	11593743.76	4228988.11	3907732.50	7314664.68	4347281.70	7617857.91	4480940.13	4369487.61	4086318.37	2001788.36	4482772.35	5424584.64	3041518.95		
03/2015	5176584.58	5128075.21	2467153.67	3599043.39	7241098.62	2824183.10	3115381.67	2933971.98	5784483.28	7214735.22	4595079.06	4232061.66	3618078.16	5138101.40	4925088.88	4056998.90	5155354.82	5622764.80	5038307.58	4917114.74	1704751.04	4877181.32	9981540.06	5215682.88	5737407.78	2657640.58	3936394.44	3073162.88	3034092.45	5668354.24	3877243.14		
03/2016	8495442.86	4164467.92	5117147.37	1815405.35	2115306.34	7513529.22	2692349.93	6121630.91	4232091.36	4010118.00	6598100.28	4860439.85	5107929.07	5929567.74	8013045.44	5411852.75	2414574.54	1871702.12	5880701.26	3094119.32	6000897.94	4737678.11	4940493.93	4575243.12	3714243.33	1694933.94	4238352.30	3099435.86	4592902.42	5554933.74	5375590.41		
03/2017	5494895.00	5245679.07	3549904.72	5037563.06	2690523.82	2861750.45	2660960.82	4521707.30	3493904.17	4584356.58	2604697.93	3796973.39	4934363.77	2680283.79	5027227.49	6391480.55	4683267.50	5022140.84	6473279.97	3377865.93	6182576.71	4873333.58	4277473.39	5993011.79	3299545.74	5427318.53	4057336.66	3734053.68	4508667.50	4654015.52	3530641.35		
04/2010	4822171.85	2980284.58	5605843.92	5719636.10	8706253.50	4397697.84	4390678.38	4522371.50	3912680.15	6371158.82	2664422.37	4420897.76	4985286.10	3174109.48	4152508.37	3177239.20	4640676.15	5783852.47	1066829.00	4821440.29	4599828.92	4561011.77	7098135.00	5951452.51	5017532.56	2558572.77	6264603.23	6208520.15	4453458.40	2067024.25		
04/2011	5594264.38	5328108.00	4693023.15	4249324.59	6767898.41	1855820.25	4015147.11	6853212.33	3737137.11	5160486.88	4477977.87	6127768.37	3350329.92	4506214.77	1914372.33	3508418.32	4838029.41	4000086.52	4359191.37	6418151.23	9832127.47	5048943.38	4856506.67	4165221.90	6127191.71	4213892.80	4733107.25	5658037.93	5797299.76	4436748.05		
04/2012	2691121.55	5350423.68	3630022.08	6412351.90	2858111.77	4855720.74	6357213.54	5144842.65	3930880.14	3898599.31	5532780.59	4103227.14	2771398.04	5558154.65	5182515.12	5820531.40	3055373.26	5544859.70	3530903.93	4096080.81	3340780.01	7625116.14	4598163.55	2281585.20	5077416.61	6659415.19	2841214.33	3790022.49	5934181.39	3923000.92		
04/2013	4143309.93	3112421.21	1839593.63	6276704.97	3353686.65	1917541.96	5078515.77	8397672.52	6514809.89	5223568.41	7072732.50	3401948.21	3809352.53	6061493.01	5346042.06	4015420.98	3095651.01	3005128.40	4763815.26	2784237.15	8914280.68	1394888.44	6125834.63	5186500.75	7320260.74	2995424.03	7554062.20	2559251.59	3397696.25	5719707.67		
04/2014	3645444.39	2434169.31	3602020.61	4261229.79	2448319.14	5803611.86	3714436.40	5126405.04	3510728.11	2355989.50	2501771.74	4162204.88	3844009.78	5012584.84	8002280.66	2430025.25	4748509.51	3933252.15	5302183.82	3471620.03	6135155.02	5140535.56	5087459.76	6870252.04	3086009.47	5630103.77	3555517.91	6060474.65	4279968.86	6631647.65		
04/2015	3838643.42	8637764.43	4426778.42	1889133.12	4382037.76	2768256.05	6669035.98	6875754.02	5741145.82	3396652.43	2446753.81	2840265.71	5619440.45	7906742.28	5014877.38	6140050.55	5911265.50	3498346.08	1351547.37	8101699.92	5440331.66	2966745.64	3952375.66	4895709.44	4902835.83	2353598.93	4060583.39	3093058.09	4434092.87	2457475.06		
04/2016	7969729.26	3521765.02	7027063.53	3674973.51	6005038.90	2648973.48	6789755.20	3748630.41	2194180.49	4679083.07	8490015.58	6890947.03	4556245.92	6537576.20	3457514.54	2643846.47	2870063.72	4581629.18	3716315.19	5227641.58	4457710.21	2456924.45	7169171.11	8201017.76	2301383.11	3273399.69	5404506.78	4131997.01	2958615.64	3879716.81		
04/2017	7692252.69	4490527.87	3734843.23	1504922.76	555808.79	2048627.15	513252.32	1973594.77	2871390.14	3799670.63	7809132.75	3838367.83		
05/2010	8089416.09	5497615.69	4640086.46	4742721.26	4624357.35	9790299.16	5441136.06	3538522.45	3519089.36	5798707.40	4173944.46	6375000.84	5412970.13	5501812.23	3809066.40	5332248.86	4344475.87	6729242.12	4810936.00	4707143.49	2624675.77	3774072.52	1712042.74	5051783.68	5204846.62	2860310.11	4556933.61	3847086.95	4223780.43	6397023.06	2163718.31		
05/2011	2644039.78	4850980.87	3102799.31	4460010.66	2522930.42	3986817.41	5458528.42	3709620.72	5054979.73	6638935.63	4056495.51	8429169.68	4890932.99	4954726.36	3855735.19	1266263.64	4261231.00	2363485.38	6623042.99	6336527.43	4303799.03	3985302.45	2486279.55	4441038.20	3514292.24	8486504.12	4976932.93	3663659.45	3269592.86	5229638.18	4835824.88		
05/2012	3649907.84	3039923.06	1377928.42	4602557.86	6267729.19	4799856.31	4596868.44	3740338.10	5199911.32	6134328.98	8440658.00	6302052.77	2786432.97	7219935.01	5197166.35	2569191.81	4636489.84	4509159.79	2880539.72	4604569.59	7097757.59	5415074.87	5514039.39	3398956.19	4557684.29	6717083.76	8309153.70	2899806.11	7819705.13	2658222.98	5636317.63		
05/2013	5509032.19	6075189.95	4306939.89	4595373.01	4044705.96	4885058.52	4222310.87	3687031.94	4910382.94	2352893.37	4658523.23	4457847.57	4044939.37	6195766.29	3281102.50	2924564.95	4339234.31	5048068.02	2553829.85	3035881.89	4239215.91	4615567.16	2733035.22	2488868.59	4345914.58	6246512.90	5853383.40	6175091.42	3364600.03	7576396.24	5334435.58		
05/2014	2704642.29	6912564.06	4572537.64	6686117.68	5211675.23	5444259.99	3175442.48	3755369.53	4608109.81	5021412.15	4332980.05	7250253.01	5776845.63	5877854.64	6470011.63	2553920.19	3959884.46	3708556.46	4263081.63	6176978.17	5913648.89	5163422.98	1885786.30	4105986.04	4290300.89	4129649.57	4125698.26	5176282.77	6221453.68	6794365.97	7418739.57		
05/2015	5831892.84	8883228.50	4031896.19	4283277.51	3798454.77	2561193.35	2313599.02	6680985.02	3276242.88	4623534.90	5179687.61	2453954.65	6034251.09	2953405.16	2969781.21	2362052.82	7815068.31	4765080.37	3309972.67	3958923.24	4719978.10	4595103.60	3175948.79	7753252.31	3352787.76	6947388.62	7036338.10	7361355.16	2506005.80	4777746.25	6113132.07		
05/2016	4303136.71	4199715.72	3880969.38	3123642.29	6734883.50	4172929.74	6852206.00	6827752.93	4242115.94	4392896.99	5708035.78	6988387.64	5364619.12	4104833.75	2530896.30	3906129.13	3626727.33	6803871.27	2943973.13	2937134.23	5121998.21	3936978.03	5417475.85	5212038.29	1410395.72	5142168.12	3656322.27	2495728.51	1417718.17	5642013.03	5659802.93		
06/2010	4031760.85	4606676.10	4737191.29	3410564.40	4581699.23	8276026.10	3094966.22	1934944.46	5628198.96	4250941.41	5283006.96	5757854.71	4781650.49	5946356.04	6623219.29	2625064.95	2580275.87	4981160.18	5632706.43	5677932.09	3324123.39	4976608.38	3627729.09	5425117.64	4098748.03	7256001.61	4772518.26	3524038.36	6581632.88	4735312.52		
06/2011	2900287.85	4409000.51	3322245.62	7358767.54	3730534.17	5885334.67	5178225.18	1275426.79	4094527.65	3362915.87	5593377.92	4223363.60	6497865.67	4456990.71	4901566.91	3252895.01	3597338.57	5247858.33	4360715.95	5035626.72	5269192.77	4206211.85	4086133.68	5840048.60	4224010.82	3998540.91	3613505.65	2915042.77	3504506.81	6296844.73		
06/2012	3423922.99	3539432.00	4130221.99	4128580.95	3080989.08	2304965.11	5544692.69	4045726.07	4589324.23	4536587.32	2821157.69	6039922.19	4104391.16	5124374.89	3474776.11	4657225.43	5742356.19	3867456.86	8790938.97	7244019.40	3920261.65	3097391.90	4035354.87	6435466.10	3923984.42	6007611.69	3822656.48	3883161.55	5866472.55	2378974.64		
06/2013	7158573.66	5329459.48	7076707.86	8090877.21	5093668.85	2899836.48	3954319.79	5066005.11	4141241.84	4694483.35	5879211.94	4619665.82	7423557.98	4181130.31	4178339.91	3976395.39	3289598.73	7724329.14	2910153.74	11980445.11	3229028.08	5190017.66	3181634.72	4261634.85	7351001.07	2476552.59	5175323.52	4139278.17	5319711.20	4940352.00		
06/2014	7396182.20	3964825.88	3811556.45	6098279.12	2697228.40	5995670.22	3364793.31	6219312.41	4046654.01	4320682.91	5852491.74	5882101.74	3045583.47	3385760.63	2454139.76	3886438.48	2651339.24	3396632.73	3252605.54	4574854.22	3022979.23	2531157.21	4345026.74	3260934.23	3475100.22	6059932.68	2009769.51	7007080.74	3609253.88	3835268.20		
06/2015	2303513.75	6400418.55	3249904.38	4494992.75	3426647.29	2813326.48	6681289.27	2564296.14	5519448.75	3031575.57	6153452.00	1638362.69	3853048.43	4715993.66	4460473.15	6336956.06	1662101.15	6592087.76	2361254.84	1810670.47	5066000.16	4570752.97	6766929.37	6106392.46	2756287.13	6116096.72	6124127.31	6492836.89	5506351.68	5789076.30		
06/2016	4762991.78	6355301.41	5009536.97	6277539.96	6256247.82	5112151.53	5472532.28	3874139.80	7017980.73	5022349.73	5085815.35	3969055.96	5316211.61	6851102.79	4501062.60	7071726.14	5552351.08	3240616.37	4935559.43	4586112.37	2509131.44	3944050.01	3753218.79	4370826.96	5063757.82	6517937.30	7324993.80	4217160.47	4768739.15	5816067.47		
07/2010	6596533.08	3286248.99	3931415.34	5750589.57	4803071.86	5541864.69	3266762.11	2238380.90	4720260.93	4933777.25	4449607.88	3951402.71	5090674.65	2138320.22	4406256.75	8342434.05	3648419.70	5125748.20	4697101.27	3246637.99	5839339.37	7322807.50	4613073.80	3963162.31	5796675.77	3722141.10	3022795.13	5326838.49	5692446.02	1815855.32	5338086.59		
07/2011	2968470.85	3758115.18	6263900.88	5117945.20	2925327.38	4121429.67	4129250.70	4824380.06	3267091.88	5966697.86	1995888.60	5741495.02	5181896.85	4661935.29	4679139.09	7163548.30	5483415.30	6380862.94	4958596.73	5241299.51	6801815.57	3096486.14	4481781.24	3419163.81	3238041.76	3076661.30	5260332.80	4307502.28	5613792.26	3067161.97	6531737.53		
07/2012	8181130.93	4148699.33	5637499.73	6019561.95	5184560.01	2639894.70	5710747.81	2849834.56	6848615.08	3734083.66	5294004.46	3706403.54	3590921.40	4069302.89	3348914.06	4380100.49	966674.99	4254614.00	6467982.17	6185882.60	3246397.06	3328727.57	5193926.40	5019945.24	5981594.97	1401790.46	3637376.21	2724828.74	2504870.03	3937673.89	2515290.70		
07/2013	2718489.19	3733455.46	4048103.91	3452332.31	2883969.85	4361845.76	4989492.03	3874802.08	6200863.80	2543451.70	8053045.77	1500766.70	3544631.95	3871618.11	4913907.00	3920776.26	4336687.87	3386845.27	5562879.37	5169015.11	3485892.21	3076432.56	6052171.87	4686623.45	6029856.55	4993094.35	4088903.79	3202654.43	2444345.17	2985760.02	5789284.70		
07/2014	2617711.37	3649845.44	2985564.29	3520648.32	3766668.95	5659477.07	6232748.59	4153976.87	4089762.44	2202999.24	2419710.04	4597016.13	3833593.31	4398814.81	5533576.39	5470706.37	5138020.44	4435635.20	2940193.05	3746197.97	6454670.06	7963425.55	2906674.97	5447233.35	6458524.08	3584854.89	4942644.52	2752712.80	5392015.86	9448008.61	3836324.08		
07/2015	3202606.87	4387800.40	2499553.60	3629664.74	3668155.10	1942349.41	2870587.57	5608303.73	5375817.63	3508258.13	3799832.88	5205638.16	4219015.16	3701655.63	5088420.87	4925167.18	6735164.81	4541000.54	1111906.74	3049240.02	4670815.20	4951240.19	3885699.59	6171184.74	6192500.48	4573875.33	4809554.37	6499929.45	4861642.59	2878440.80	2039665.21		
07/2016	3801148.35	3893591.61	1260614.96	4849117.49	4422028.31	4560227.00	4274708.44	6610424.71	2507435.37	8757508.65	2360617.30	4354225.71	2994843.35	3853048.49	3128260.66	5535158.60	4023557.53	3481538.69	3147563.74	4228467.79	2893598.65	5567500.98	2865106.28	4115758.38	3503104.65	4616901.84	2209812.53	7605447.61	3425837.24	5756620.48	5924076.86		
08/2010	4615589.90	6852036.03	3581948.13	3838558.61	2538121.46	1907766.19	5838033.33	5734714.45	4905600.87	4911766.49	2023325.10	3543346.73	6187559.98	5086425.46	2456206.04	5823776.50	5897835.85	7038622.06	1314784.96	2561491.01	6587093.46	3384928.82	6125737.69	4395322.19	5212525.70	5635570.98	5137291.70	1570273.88	7759374.32	2314701.81	4752981.20		
08/2011	1681858.83	4430090.17	2421871.47	6299787.76	3596233.56	5130345.98	5986174.46	3192567.90	2675085.76	7364345.58	2974695.01	4196844.62	3270325.91	6421858.90	6313829.14	3285765.83	4408143.58	4545487.05	5285820.52	5324103.47	5418609.73	1627921.19	5379011.82	2812230.14	3415379.60	3802079.88	3842646.98	5499448.08	6192309.81	5768577.29	6790494.35		
08/2012	6554812.55	5258399.00	3998743.82	4300042.00	3209041.39	6802832.16	5493611.35	3379728.64	4176262.79	4325926.35	5378449.67	5479250.24	4588106.06	2551602.28	7356163.29	5073868.81	4595705.67	6217356.12	3683161.18	6335083.99	6422198.53	4168551.13	5601831.33	2775039.22	5858150.39	6905624.94	3845078.99	3327929.43	5237359.75	2771501.07	4639583.82		
08/2013	3824458.16	4339887.69	4308187.10	2847140.62	4685086.83	4853252.17	7577420.40	3058631.76	4547815.06	5100641.26	4580755.11	5938526.54	5174080.22	6038820.96	6247080.37	2514599.56	3369709.84	6417921.07	4628212.00	7748779.97	3937689.05	3998252.45	6032503.68	5787062.23	5612548.31	1570799.35	4779075.80	4362514.47	2670071.08	5452485.53	2200976.26		
08/2014	4100903.41	4025021.16	2404763.31	3960041.40	2695026.38	5691397.94	4110284.50	4719488.06	5047315.24	3776745.30	5155565.16	1575251.81	5409744.09	2030746.11	2807330.04	3372149.04	3292878.11	7860555.38	4114475.01	7440186.82	9482479.23	4798808.54	3302228.69	3447886.84	6481598.05	4281077.84	3022405.71	5909231.99	3162113.22	5364272.48	6929898.17		
08/2015	4489656.01	3490309.74	4537124.36	8088773.99	6590972.10	3628189.72	5281570.90	2200105.59	4085345.42	4096823.40	2570473.53	3242919.95	4655075.03	5841734.40	5228955.16	4692545.34	4671588.67	7217586.70	5375236.58	4247065.66	6050375.10	2357966.11	5850376.20	4430429.56	4206289.33	4443524.17	5008299.14	4076865.34	5898919.64	5177664.73	4041524.98		
08/2016	3016526.60	6299923.07	6300163.14	1939025.56	5026590.97	4864909.20	6023910.52	5614513.57	4719594.08	7239234.10	7262260.37	5425653.00	3446591.22	2861487.29	2601065.41	3710208.63	3341399.91	2471226.18	3624033.24	5530615.02	3859088.24	5089744.90	4898208.93	2899556.62	5419006.08	1860374.81	3821191.13	6020965.52	3958856.16	5646943.21	3673922.78		
09/2010	4981934.04	5148034.52	3876920.46	6361519.75	3986392.22	1130131.63	5750230.76	4325967.54	4650352.77	7619307.75	4706744.17	4264055.61	6020792.45	3658355.73	4575955.20	3912216.05	4274488.28	5450550.68	4015433.10	3836675.38	5691477.20	3201535.41	8196964.58	5654953.37	5842021.73	5240448.20	3584105.58	4574394.95	2607752.58	4895217.31		
09/2011	4934606.59	3849143.82	5924753.61	2245659.07	4746364.44	5216433.44	2060320.72	4913167.36	4937157.08	4232252.01	5913563.53	3753703.93	2366077.08	4175519.19	5356579.76	5925940.07	2608083.56	6395543.50	4165459.03	7731884.73	2383695.31	4547789.14	2604083.19	6837403.22	1434016.63	1822740.23	6697735.35	4082558.48	4265907.54	3719245.18		
09/2012	8509302.05	3484600.27	4291075.95	5819292.52	2568580.49	2641560.81	1759699.95	3634871.58	3749773.28	6245099.44	3942352.41	6785065.79	3015691.16	4663791.87	4950876.72	3843493.22	4245762.20	6626409.42	5625191.27	5417516.63	2063015.08	2212279.72	3182466.69	3791306.28	3257652.43	5785987.71	3682006.43	5990856.58	5217261.90	2602597.82		
09/2013	6608349.52	1707909.38	3534806.45	5293508.88	4307277.77	2831578.53	3273652.79	3132447.70	2668543.10	3832711.42	4335800.60	2889278.13	2622912.71	4558544.46	6134604.71	2595756.02	4038662.06	7684550.45	6133784.04	4781263.73	6401031.15	4525376.22	4693186.18	3826957.97	7897288.29	4589107.47	5452460.37	5256594.01	3080884.10	4044854.47		
09/2014	5752120.64	8598134.53	3504388.05	6906612.23	3803596.64	5710752.23	6989651.41	4822236.04	4807278.32	3120348.69	2111838.39	7001802.74	2185428.01	5037786.74	3724454.06	5807883.83	3730622.33	6887960.99	2245871.95	2796943.62	3838072.85	5051114.95	5019791.42	4157817.49	4523660.87	6434722.29	4012993.20	4172660.00	6025838.82	7157595.62		
09/2015	4765285.05	5914694.30	6848261.44	5032408.27	3771972.28	4532368.59	5040757.14	4694365.37	4594571.74	4027861.54	5989127.37	2843135.72	4318369.60	6899421.81	2947539.91	3238939.28	4651497.78	8052254.37	2361650.81	4019014.87	3445860.23	5070617.38	4655429.63	4301322.73	5356780.52	3277493.99	5970744.09	2594388.40	6855766.91	5996943.18		
09/2016	2812062.62	5836172.19	2783820.39	5624682.95	3160583.05	2416171.20	6144517.36	4555103.89	2321898.83	2731183.67	5605916.23	1941426.78	3712762.28	3373407.95	3013785.79	7099852.10	4996900.98	5234463.28	4126780.63	2655827.60	4271431.78	5683934.38	5313285.12	5493907.08	4042623.39	5201343.27	4451918.36	3256118.49	4799160.01	5559720.24		
10/2010	5295029.89	4498090.67	6380139.79	5332852.44	7252366.28	1681670.22	6218158.56	3473558.80	7038684.35	3476161.78	4271434.10	4896998.13	7752621.74	4524800.62	4394396.21	5900288.88	3428354.38	2852766.16	5204150.71	3617084.98	6532794.90	4473996.44	4693905.47	4517590.65	4856476.28	5486749.07	5072476.47	5699559.04	4264181.18	3621851.28	4822139.39		
10/2011	4930701.24	2715686.55	3636108.16	3685217.32	3587755.75	8064332.77	4404045.78	3776584.92	5396213.33	5585478.13	4639338.41	2150479.03	3611603.40	634253.22	3929139.25	4858638.27	5833397.58	6303858.48	4146952.86	5467427.11	4801428.42	4034017.15	6399842.12	4727737.88	4442700.45	4194622.41	6108345.67	7352471.78	4986221.28	3316810.95	3823351.00		
10/2012	3848382.46	3318626.26	965046.57	4755898.57	5964380.49	6253153.07	1592368.24	3566394.54	3438301.38	1104482.74	3807552.01	3476375.12	3638426.44	4348673.98	3329873.66	4930080.70	6131433.51	3997362.29	2837757.09	4445262.22	1702149.36	3400267.69	4070274.16	7010725.96	2432346.16	3462544.32	3695749.44	3406568.26	7729499.56	5543539.04	4710233.93		
10/2013	6976840.89	4295583.34	8722483.62	2712053.11	2122469.99	3736899.97	6072886.94	2204337.41	5476971.45	6551601.67	4395722.13	3247219.11	6756193.12	5028511.78	2325053.19	3783012.78	3213404.41	4652637.76	2046081.84	3020852.78	5247130.53	3825952.63	3053396.11	3007003.00	4916094.75	3089002.52	6227895.20	7681117.03	3696089.30	5045344.24	3447446.46		
10/2014	3168389.16	3773666.34	7835168.24	3501925.17	4238181.57	5101899.20	4572073.07	1887653.21	1680234.64	2817494.89	6276794.37	4591133.42	5484793.16	5220153.01	3341842.02	3927151.93	4135566.72	4699943.07	3488581.27	6431750.36	4592513.94	8726796.95	4476880.87	8064501.27	4363651.89	4457407.56	6323068.29	4467052.76	2658386.71	4461335.37	1920044.62		
10/2015	1898045.06	4956665.53	3653691.94	5972202.22	4067053.76	4232252.37	5622843.27	5612856.99	5367119.13	4682403.46	2751387.81	5859452.26	3846667.15	4802532.40	4316271.92	4437902.99	2268464.88	3727429.46	4904566.94	4080670.87	2214880.10	5345500.59	5326459.22	5902743.02	3599171.21	5622156.07	4772852.34	3378375.03	3761468.48	7330006.75	5306519.97		
10/2016	3706987.94	7287247.40	6798542.57	3371484.77	7605712.39	3121557.06	6664559.26	4441898.63	3554003.59	4459487.50	4538444.97	3500528.26	5167775.67	3902528.50	5259608.13	4305388.65	4115040.79	4536077.56	1919520.53	6029959.14	3114822.09	5204038.15	6227840.69	3201449.25	6858695.77	4682391.69	1616490.27	4485649.32	3876679.34	3449318.46	4103224.41		
11/2010	2584678.72	5433528.43	5332194.84	8234115.34	4018793.80	5289532.73	4188891.37	6717791.36	4309573.91	5283934.16	2299728.37	2347710.47	6225005.75	3480706.34	7998649.19	2099103.35	2255953.22	4281581.86	7419705.54	3972663.19	2757831.21	5104756.58	5778606.39	5196460.93	6233743.94	8193731.98	5051457.29	7574729.90	8683916.64	1585562.00		
11/2011	6003922.76	5416233.15	4257681.14	4471533.71	5249167.38	3188866.89	4625789.18	4885383.67	2525630.49	7221201.82	4895603.91	5014481.80	4199424.71	3793928.86	5959448.66	4207840.56	5515561.84	4718460.53	3542212.27	6942426.12	2696619.63	5013721.52	3450362.70	2449456.77	4890027.67	3166977.60	2887354.42	6621713.26	3261667.80	4821286.56		
11/2012	5558655.99	3659752.32	1517070.21	5275229.73	2391670.09	7144130.29	2998465.28	3770480.34	5695715.06	6040037.42	4199539.38	2299048.59	3384360.41	2065686.20	8076029.36	7166376.86	4794476.61	6917013.80	4494108.73	3941157.06	5626860.76	2360859.78	4766234.79	7370471.03	5257840.88	2401415.75	3635507.73	4578971.48	6562841.54	6723356.16		
11/2013	4600575.85	4243392.36	2913347.86	3037857.02	3201758.87	4705280.03	4112447.14	5596380.16	4388434.87	2150045.20	4300575.65	4507436.90	7105977.76	2765899.59	2353447.93	8286249.43	6338110.01	3799068.78	4668884.07	3712312.12	1582861.09	5908294.31	1931475.02	4544582.94	2769247.50	3439108.86	4018324.14	5750126.50	3381354.23	3204847.69		
11/2014	1604756.96	2757281.11	3999448.12	4526377.42	1299162.75	5462568.01	1823344.23	5803586.35	5155650.74	5132292.47	4919272.96	2428296.32	4540423.84	1932960.28	5868516.42	3498259.94	5790318.32	4617877.49	4695380.85	2725187.49	7138697.93	3502384.26	6598778.70	3806647.87	2885101.84	5564903.97	3320831.61	3538089.70	2329799.71	5406715.89		
11/2015	5780685.16	5498917.93	4321841.78	5566655.93	4280331.64	9833219.21	6573834.81	7012066.53	2945637.86	2358817.89	5613983.32	6589911.24	3412362.22	3679608.28	4491083.05	3314668.04	5580540.48	3724877.36	4757870.02	5432628.33	4820873.77	3094388.12	5009439.58	3081006.35	3580255.12	3620310.86	4147990.31	4446419.72	5629003.38	6662972.68		
11/2016	4272104.22	4059281.22	5438692.78	7301759.57	4125779.04	3583749.70	2189168.27	3355143.07	5677588.92	6306731.42	9795122.01	4755765.06	6150756.92	3286885.95	2292875.29	3759281.40	4933289.02	4975898.78	3413523.97	3160972.67	7865749.12	3023403.00	6129239.05	4047657.02	3254337.59	3815942.25	8174360.84	5318025.33	4868330.58	5995233.26		
12/2010	4749889.16	6319116.31	3488665.95	6454231.02	3769317.57	3094089.62	4257524.56	6846392.74	4031614.70	2563302.61	5791747.65	6655814.72	7170228.37	5242323.43	7081417.06	4555978.57	1712276.32	12549369.23	3755434.41	3505605.97	3335090.60	3507865.58	3401226.87	2508430.83	3695836.55	4080540.15	3206053.42	2367602.09	6293199.36	8015588.84	4440506.79		
12/2011	6543400.33	2873992.21	3664590.26	3279958.17	10634818.87	2380536.28	1255823.89	4489677.26	4621848.64	5831290.82	5497493.67	2483096.63	3478325.74	3471174.44	7123432.00	3198771.09	2007738.93	6153366.84	4651698.11	4204164.23	2631392.57	4539855.91	4672293.47	3502233.39	2308647.83	4860626.06	4378076.55	3046599.54	2322532.17	2919451.09	4367657.33		
12/2012	5925669.51	2093721.38	4811460.44	4515968.96	5354326.91	1326357.50	5595381.14	2034453.35	7436512.07	4099253.68	3348788.75	5677539.70	3268222.59	6598837.09	766932.64	4907402.07	5724072.54	2074320.61	5012631.69	5769025.76	4275166.96	7714423.61	3302384.89	6233689.91	7153909.38	5836841.44	3831149.89	2315388.72	5199753.90	4598448.52	2199611.48		
12/2013	6002157.44	7074938.02	5656323.69	3355596.25	4518343.93	3241898.24	5333769.91	3073803.39	4558695.10	7120974.43	3061110.48	2946286.74	3026617.86	4115208.22	4777015.82	3828319.37	4725344.25	3278106.72	3015455.64	6744740.84	5066597.68	5091752.29	2617083.41	4314998.09	3696468.91	4654711.97	4867090.84	3269758.11	6043130.69	4227869.57	5854056.24		
12/2014	5199776.38	3136273.12	2086362.54	7130527.69	4661275.24	4690264.66	4952939.22	3596471.47	3957478.18	1446603.01	5324330.50	4474079.87	4079401.03	1155830.41	3195424.05	2534015.82	5629279.12	6618818.10	6385851.74	6264308.21	3486016.06	4656225.28	4291690.73	1994397.65	6039690.89	2725239.06	3333762.11	2358258.14	3522555.10	5996000.96	4189177.59		
12/2015	3701852.17	5940988.86	3903430.35	2727734.77	5024174.90	4666901.77	7430114.50	4012694.25	4547534.46	4361022.89	4802316.83	4682458.28	7057369.28	4985598.89	4652928.18	7298457.95	4507083.07	4825392.63	7521655.26	6095574.75	5179159.20	6862353.66	2401725.66	3318265.17	7158605.58	5095150.34	2838473.48	5467112.34	3492600.47	4769755.05	3813201.39		
12/2016	6482680.79	5508484.39	5582629.20	4604664.73	3829257.87	5493105.35	4525387.96	7397406.36	5684721.42	7086612.84	2519467.92	5266291.84	7314121.87	6491436.21	4176812.25	6252802.99	2632188.22	1850159.68	3145121.78	4799746.39	3728720.55	4288412.25	3237922.24	2231722.04	1850903.85	3583414.80	3854018.64	4434145.91	5857974.34	6491243.33	3342111.23		
