01/2010			5332852.44	4188891.37	3177239.20	5946356.04	4803071.86	4650352.77	4742721.26	4080540.15	4510241.93	5635570.98	1644406.90
01/2011			3267091.88	1681858.83	4082558.48	3857056.64	3330338.62	6906665.77	4856506.67	4801428.42	3613505.65	4460010.66	2449456.77	1255823.89
01/2012			6039922.19	4258024.45	5193926.40	5493611.35	3682006.43	3430973.54	3831149.89	6302052.77	4929538.53	7166376.86	4096080.81	1702149.36
01/2013			5900226.56	3053396.11	4388434.87	3696468.91	4913907.00	3095651.01	6155971.46	5048068.02	3832711.42	7351001.07	5612548.31	5284834.55
01/2014			3669962.27	3799424.17	2400817.33	5803611.86	2906674.97	1932960.28	3960041.40	4592513.94	3835268.20	7001802.74	2358258.14	6686117.68
01/2015			4430429.56	4283277.51	2446753.81	2751387.81	4877181.32	7057369.28	4494992.75	2843135.72	4284305.94	4446419.72	3701655.63	3169899.69
01/2016			3373407.95	3002301.09	3121557.06	3583414.80	3123642.29	5816067.47	3759281.40	1823751.38	3446591.22	3094119.32	4560227.00	2870063.72
01/2017			3377865.93	7319692.09	4428586.50	3734843.23
02/2010			5719636.10	4737191.29	2847698.87	5754533.49	6233743.94	5654953.37	5051783.68	8015588.84	3428354.38	7038622.06	5125748.20
02/2011			7123432.00	2762978.03	3316810.95	5593377.92	3415379.60	6197255.65	5515561.84	3719245.18	1266263.64	4833360.31	4165221.90	3238041.76
02/2012			3039923.06	2821157.69	1935619.18	2639894.70	3770480.34	2602597.82	4103227.14	4244991.94	7356163.29	3443337.56	1326357.50	7010725.96
02/2013			6246512.90	3824458.16	3452332.31	5908294.31	4518343.93	1162506.79	5093668.85	3020852.78	5293508.88	3005128.40	4163501.23	6895627.06
02/2014			5021412.15	3162113.22	2218079.05	6264308.21	5752120.64	2658386.71	3941281.77	5790318.32	2355989.50	5424584.64	4574854.22	5470706.37
02/2015			9833219.21	4709741.67	2313599.02	3426647.29	1587556.08	2401725.66	3936394.44	5326459.22	5996943.18	3490309.74	4902835.83	5205638.16
02/2016			5692020.60	4746993.45	4555103.89	4849117.49	4199715.72	4370826.96	2414574.54	6890947.03	3583749.70	7397406.36	5167775.67	3624033.24
02/2017			3799670.63	5066574.56	3288493.64	4934363.77
03/2010			5196460.93	2860310.11	3838558.61	4015433.10	4161517.28	3592471.62	1681670.22	4257524.56	5425117.64	3722141.10	4640676.15
03/2011			3597338.57	5216433.44	3166977.60	4572147.99	2363485.38	4858638.27	2968470.85	1870666.44	4651698.11	4015147.11	6192309.81	4631710.67
03/2012			8309153.70	3637376.21	4930080.70	3257652.43	2841214.33	5769025.76	4287411.98	6225978.76	5237359.75	4536587.32	3846823.17	4766234.79
03/2013			4146342.52	3485892.21	4779075.80	1582861.09	2331732.19	4307277.77	4654711.97	4940352.00	4222310.87	4763815.26	6756193.12	3937646.49
03/2014			4543199.01	3609253.88	5126405.04	5996000.96	5776845.63	4839847.22	4523660.87	8726796.95	4435635.20	3739337.08	3776745.30	4526377.42
03/2015			6573834.81	3628189.72	1860614.32	2813326.48	3958923.24	2824183.10	5608303.73	5612856.99	4666901.77	4318369.60	4230365.64	2966745.64
03/2016			3879716.81	1410395.72	4459487.50	4271431.78	2703682.00	6300163.14	3128260.66	3254337.59	6482680.79	5929567.74	4779767.94	6851102.79
03/2017			7809132.75	4228723.61	3996712.68	2690523.82
04/2010			2968069.23	3401226.87	4344475.87	2314701.81	4522371.50	4250941.41	4720260.93	5148034.52	5846590.48	3476161.78	8234115.34
04/2011			5773765.49	2206864.85	4207840.56	5831290.82	6380862.94	6296844.73	2245659.07	4024419.90	5833397.58	4056495.51	4838029.41	3270325.91
04/2012			4035354.87	4811460.44	4254614.00	6217356.12	6134328.98	4049856.62	5350423.68	7729499.56	3942352.41	3085165.54	9573492.59	6917013.80
04/2013			3241898.24	2847140.62	4336687.87	4916094.75	6061493.01	2595756.02	3687031.94	4139278.17	4394539.09	3803910.12	4705280.03	2960628.75
04/2014			5807883.83	4476880.87	4046654.01	5140535.56	6221453.68	2202999.24	5909231.99	3957478.18	4483022.87	3348572.98	3806647.87	5792903.65
04/2015			7298457.95	3314668.04	5155354.82	3903940.71	4655075.03	4772852.34	6153452.00	5914694.30	2953405.16	3636521.90	5911265.50	3799832.88
04/2016			3160972.67	5400380.33	8495442.86	3256118.49	2481507.76	5646943.21	1850159.68	2994843.35	6517937.30	6852206.00	3273399.69	6227840.69
04/2017			6719914.52	3796973.39	4490527.87	3470856.65
05/2010			5900288.88	3695836.55	4406256.75	3944754.26	4735312.52	5283934.16	3584105.58	3538522.45	3384928.82	6491683.48	2980284.58
05/2011			3737137.11	3033570.28	4661935.29	5333410.88	3791445.32	4409000.51	3514292.24	6303858.48	5959448.66	4175519.19	2322532.17	1627921.19
05/2012			6267729.19	7132326.75	4445262.22	5124374.89	5990856.58	7144130.29	6354977.20	5981594.97	5858150.39	7436512.07	4855720.74	4034559.32
05/2013			3146784.00	4044939.37	3229028.08	4628212.00	3089002.52	8286249.43	4613217.16	2883969.85	3826957.97	4619625.21	4725344.25	1917541.96
05/2014			7099473.89	3488581.27	5026449.32	2695026.38	5406715.89	7007080.74	3645444.39	4089762.44	4656225.28	4807278.32	4290300.89	7092826.60
05/2015			3620310.86	2499553.60	5898919.64	5440331.66	3853048.43	4056998.90	5092958.89	5095150.34	3798454.77	5970744.09	2539097.13	3761468.48
05/2016			3859088.24	7865749.12	7605712.39	5567500.98	4860439.85	2976050.03	3085928.17	2519467.92	3753218.79	3674973.51	5836172.19	4242115.94
05/2017			6810727.86	4654015.52	3416635.67	7692252.69
06/2010			5734714.45	4109481.34	3488665.95	3367569.45	4697101.27	4599828.92	4772518.26	8196964.58	251065.12	5501812.23	2347710.47	4498090.67
06/2011			2887354.42	6299787.76	5328422.31	4303799.03	6682474.19	4679139.09	4930701.24	2060320.72	2308647.83	4086133.68	4000086.52	5052442.89
06/2012			6753910.89	7185436.45	3635507.73	2775039.22	8509302.05	3695749.44	3055373.26	3883161.55	2774453.28	6848615.08	3398956.19	3302384.89
06/2013			5319711.20	4853252.17	5239442.01	1500766.70	5186500.75	3300195.90	2204337.41	2622912.71	2583602.48	4457847.57	2765899.59	4777015.82
06/2014			2851564.48	4661275.24	4910067.98	4086318.37	3498259.94	5047315.24	2009769.51	2704642.29	2111838.39	4398814.81	4748509.51	2817494.89
06/2015			5614046.91	4895709.44	3903430.35	3599043.39	5972202.22	5506351.68	4777746.25	4655429.63	4206289.33	4541000.54	4987169.09	4280331.64
06/2016			3114822.09	5535158.60	5022349.73	3906129.13	4176812.25	3714243.33	6144517.36	3821191.13	6537576.20	5995233.26	3660514.68	3518661.75
06/2017			3774934.79	2871390.14	2861750.45	3283740.03
07/2010			4156584.98	778178.95	3774072.52	5692446.02	3912680.15	2367602.09	5628198.96	5295029.89	6225005.75	1314784.96	6873030.14	5750230.76
07/2011			5594264.38	2486279.55	2675085.76	2631392.57	5467427.11	2925327.38	3274981.04	5840048.60	3793928.86	8028991.41	3527338.63	4934606.59
07/2012			5144842.65	1589132.43	766932.64	3649907.84	3474776.11	2837757.09	7431016.97	4711481.76	4588106.06	2641560.81	3734083.66	8076029.36
07/2013			3874802.08	2046081.84	4300575.65	6032503.68	4154763.86	4178784.04	2924564.95	6133784.04	2872694.32	3289598.73	6125834.63	4115208.22
07/2014			4572537.64	5803586.35	5533576.39	3684721.70	4238181.57	4172660.00	3475100.22	8673608.38	6039690.89	6481598.05	6135155.02	6226334.01
07/2015			5228955.16	3727429.46	5375817.63	7753252.31	4825392.63	5215682.88	3094388.12	6106392.46	3822136.06	8637764.43	4027861.54	3535049.44
07/2016			4679083.07	3712762.28	7262260.37	4288412.25	4392896.99	5204038.15	4010118.00	5063757.82	6372538.70	4125779.04	3012566.75	2209812.53
07/2017			4262817.12	2178835.56	5037563.06	3838367.83
08/2010			4271434.10	3174109.48	5713741.44	4911766.49	1346632.62	2099103.35	4381111.75	5283006.96	4325967.54	3094089.62	9790299.16	5090674.65
08/2011			4240345.49	4430090.17	3322245.62	3916521.69	4034017.15	3502233.39	5241299.51	3188866.89	4954726.36	2608083.56	4583257.11	4213892.80
08/2012			4168551.13	4099253.68	1517070.21	6626409.42	7255695.19	3438301.38	6717083.76	4778358.44	3790022.49	3539432.00	5184560.01	5074144.96
08/2013			1613964.99	2995424.03	5174080.22	4527167.34	2769247.50	4044705.96	2831578.53	7120974.43	4481755.30	2476552.59	3213404.41	3544631.95
08/2014			4798808.54	7250253.01	4153976.87	4135566.72	6434722.29	3857553.11	3510728.11	3441886.35	4554784.43	5995670.22	1823344.23	1446603.01
08/2015			5759657.84	4033206.87	6735164.81	4080670.87	4301322.73	3618078.16	1351547.37	2362052.82	3031575.57	5580540.48	5467112.34	5281570.90
08/2016			5582629.20	3876679.34	4916210.08	3286885.95	7605447.61	5085815.35	3958856.16	2321898.83	5404506.78	3880969.38	3772439.05	5554933.74
08/2017			2982438.61	5245679.07	1973594.77	3962087.89
09/2010			4556933.61	4453458.40	3543346.73	1766473.42	4394396.21	7081417.06	6090147.40	3266762.11	4281581.86	4637867.48	5632706.43	4895217.31
09/2011			2915042.77	4835824.88	4895603.91	5328108.00	5521814.36	3285765.83	4121429.67	2623314.29	4672293.47	1822740.23	3102060.67	4404045.78
09/2012			7370471.03	6253153.07	4264507.55	5979677.59	3843493.22	3423922.99	6554812.55	5077416.61	3450173.62	2504870.03	6233689.91	5197166.35
09/2013			5100641.26	6976840.89	4558695.10	4750095.20	7423557.98	3204847.69	4015420.98	7195011.89	8559002.74	7576396.24	5256594.01	3733455.46
09/2014			5868516.42	3786121.84	788011.74	4045230.69	3522555.10	5220153.01	7860555.38	4332980.05	4822236.04	3844009.78	3022979.23	4597016.13
09/2015			4426778.42	1111906.74	4547534.46	7361355.16	5803860.14	2361254.84	4085345.42	4351636.16	4694365.37	5345500.59	4491083.05	7214735.22
09/2016			5493105.35	2994446.04	4457710.21	6798542.57	4059281.22	3853048.49	5530615.02	2783820.39	3936978.03	5316211.61	3163005.07	1815405.35
09/2017			1504922.76	3549904.72	3071217.50	5399354.54
10/2010			4981934.04	2067024.25	4555978.57	3094966.22	1712042.74	6717791.36	2534380.42	4170153.08	2456206.04	5202720.16	5204150.71	3931415.34
10/2011			6313829.14	2696619.63	10634818.87	5260332.80	4608689.39	2073211.77	3587755.75	5797299.76	5269192.77	4890932.99	1949412.68	5925940.07
10/2012			2721089.77	3848382.46	5378449.67	3749773.28	5294004.46	2065686.20	5199911.32	5595381.14	5742356.19	5558154.65	6057481.88	4445218.04
10/2013			4589107.47	3737063.61	5169015.11	3783012.78	5596380.16	4143309.93	4592843.74	7724329.14	3015455.64	3096053.72	5452485.53	4910382.94
10/2014			3602020.61	1680234.64	3890297.69	4482772.35	5852491.74	4281077.84	4474079.87	5392015.86	4450539.90	5444259.99	6025838.82	3320831.61
10/2015			2870587.57	4321841.78	4507083.07	3242919.95	6124127.31	3390744.93	7241098.62	3653691.94	4019014.87	6856348.15	4719978.10	8101699.92
10/2016			3503104.65	5683934.38	3748630.41	3145121.78	1417718.17	3099435.86	5352299.08	3341399.91	4115040.79	5831002.51	6355301.41	4755765.06
10/2017			4760972.26	4277473.39	3292419.43	555808.79
11/2010			8089416.09	1907766.19	6371158.82	3755434.41	2580275.87	4449607.88	6380139.79	4018793.80	4876880.69	5842021.73	3664410.15	960434.07
11/2011			3112954.28	4094527.65	4539855.91	4547789.14	4733107.25	3904038.17	7261586.58	5324103.47	7221201.82	5458528.42	5117945.20	634253.22
11/2012			4639583.82	2515290.70	5636317.63	3268222.59	5516774.20	3659752.32	3413659.34	6659415.19	3579123.00	6435466.10	2212279.72	3476375.12
11/2013			2543451.70	7684550.45	3397696.25	2553829.85	3240612.31	4923654.01	4619665.82	3439108.86	3269758.11	3708103.84	5476971.45	4362514.47
11/2014			1155830.41	6470011.63	6989651.41	6098279.12	4719488.06	3520648.32	2448319.14	3168389.16	4780394.89	1604756.96	7314664.68	6757456.66
11/2015			2506005.80	4670815.20	6855766.91	5622156.07	4247065.66	5194312.82	3952375.66	3034092.45	3813201.39	6531879.71	4757870.02	1638362.69
11/2016			7190709.61	2648973.48	5605916.23	4538444.97	2937134.23	4217160.47	2692349.93	6306731.42	4719594.08	1260614.96	6265641.99	3829257.87
11/2017			3760937.54	2048627.15	4564740.07	2604697.93
12/2010			5945271.36	6397023.06	4397697.84	1850374.46	4264055.61	6846392.74	5823776.50	4473996.44	4976608.38	4646359.77	7322807.50	2757831.21
12/2011			3849143.82	4927173.32	2798954.68	4206211.85	4204164.23	3709620.72	4708282.97	3096486.14	6108345.67	6127191.71	3596233.56	5014481.80
12/2012			6042098.45	5925669.51	4128580.95	3930880.14	4087741.53	3812579.05	2360859.78	3015691.16	965046.57	4325926.35	4604569.59	8181130.93
12/2013			2913347.86	5223568.41	6200863.80	5275030.75	4502192.93	4178339.91	6401031.15	3061110.48	3998252.45	3725493.16	5247130.53	3281102.50
12/2014			4100903.41	6379252.06	5037786.74	2434169.31	5324330.50	6276794.37	5211675.23	2329799.71	3649845.44	3683564.31	3907732.50	2531157.21
12/2015			5592153.65	2947539.91	4067053.76	5432628.33	2756287.13	5841734.40	6875754.02	4232061.66	6171184.74	7430114.50	7607695.17	3309972.67
12/2016			5375590.41	2507435.37	2958615.64	4104833.75	4898208.93	5234463.28	5386317.51	1616490.27	3854018.64	4859160.45	3023403.00	5552351.08
12/2017			4916521.09	4289645.30	3299545.74
13/2010			6187559.98	6361519.75	4843535.02	2664422.37	5433482.12	6596533.08	4440506.79	2624675.77	6166027.15	8276026.10	2852766.16	1585562.00
13/2011			5396213.33	3802079.88	4625789.18	4151192.87	4441038.20	6837403.22	5048943.38	4566789.22	505175.29	3419163.81	4360715.95	5497493.67
13/2012			5544692.69	3705936.96	3530903.93	6040037.42	2604934.49	5836841.44	1377928.42	5258399.00	3182466.69	3706403.54	5305024.34	4755898.57
13/2013			6059353.80	3825952.63	5562879.37	5066005.11	2245016.05	4345914.58	4335800.60	4668884.07	6763099.54	4227869.57	3937689.05	7072732.50
13/2014			2659022.27	5630103.77	3534480.57	6458524.08	5710752.23	3260934.23	3341842.02	3708063.63	2757281.11	2553920.19	1994397.65	4110284.50
13/2015			6590972.10	5179159.20	4951240.19	8263731.15	6336956.06	6114680.50	4904566.94	3580255.12	3877243.14	3276242.88	5032408.27	4434092.87
13/2016			4422028.31	6491436.21	8013045.44	4047657.02	3976364.36	5493907.08	6664559.26	2194180.49	4501062.60	2485123.90	5212038.29	5425653.00
13/2017			5837303.59	513252.32	4057336.66	3124704.97
14/2010			5530726.27	5798707.40	5699559.04	5229660.47	6020792.45	8683916.64	2023325.10	5585038.69	3246637.99	4420897.76	2508430.83	4031760.85
14/2011			3633306.38	2380536.28	3362915.87	3076661.30	2522930.42	4165459.03	3508418.32	4890027.67	2724537.41	5285820.52	7352471.78	5090752.40
14/2012			4348584.74	4907402.07	2786432.97	5275229.73	4069302.89	2551602.28	4130221.99	3923000.92	5957447.41	2504794.04	5964380.49	3484600.27
14/2013			1570799.35	3037857.02	7897288.29	2488868.59	6906101.15	3112421.21	6551601.67	6052171.87	5879211.94	3073803.39	2377195.60	5305109.05
14/2014			6219312.41	3538089.70	4079401.03	4105986.04	6553886.69	2185428.01	5911161.68	3302228.69	3584854.89	4480940.13	6060474.65	1920044.62
14/2015			4744456.46	7521655.26	6034251.09	5859452.26	2657640.58	3277493.99	3668155.10	2570473.53	5789076.30	4147990.31	4382037.76	2733360.44
14/2016			5317233.44	7071726.14	3342111.23	1694933.94	2456924.45	4103224.41	4303136.71	2812062.62	4933289.02	5129053.20	2861487.29	5924076.86
14/2017			3581209.17	3446029.09	5027227.49
15/2010			2625064.95	4707143.49	2607752.58	6587093.46	3286248.99	6293199.36	5783852.47	2387690.18	4693905.47	7268259.64	8193731.98	5251130.53
15/2011			4913167.36	6418151.23	6421858.90	6537398.43	3663659.45	3780629.07	3252895.01	2150479.03	6801815.57	4489677.26	5152955.15	5416233.15
15/2012			5601831.33	4348673.98	3283048.22	5415074.87	4148699.33	3917988.18	5626860.76	5934181.39	2063015.08	4598448.52	2991575.49	2378974.64
15/2013			5234118.77	5078515.77	4181130.31	4525376.22	7681117.03	5487291.92	3084724.36	7105977.76	4993094.35	6075189.95	3026617.86	2514599.56
15/2014			4699943.07	6400886.21	4279968.86	6232748.59	3964825.88	3447886.84	4157817.49	7617857.91	4063036.41	5132292.47	4125698.26	5629279.12
15/2015			4336980.09	4012694.25	1704751.04	2969781.21	2594388.40	2303513.75	4820873.77	3838643.42	4956665.53	3049240.02	4671588.67	4646186.23
15/2016			3673922.78	4038600.21	7324993.80	3716315.19	3902528.50	4799746.39	3938131.74	4737678.11	5708035.78	5318025.33	4451918.36	4354225.71
15/2017			4508667.50	4210601.25	2584967.92
16/2010			6454231.02	5778606.39	4640086.46	4856476.28	1066829.00	4681875.78	8881700.18	5796675.77	4752981.20	8211852.17	1934944.46	7619307.75
16/2011			2968676.49	4167368.45	4639338.41	4471533.71	3269592.86	4958596.73	1914372.33	6497865.67	4276973.12	5356579.76	2421871.47	3198771.09
16/2012			4598163.55	1104482.74	1401790.46	4300042.00	3333798.13	5343992.63	2880539.72	3110748.47	5354326.91	2299048.59	3080989.08	1759699.95
16/2013			5190017.66	2733035.22	4219895.66	3381354.23	2784237.15	4693186.18	3871618.11	2825961.22	5028511.78	3355596.25	4282639.77	5787062.23
16/2014			7396182.20	3758185.10	6385851.74	4975107.43	2807330.04	6887960.99	3502384.26	4363651.89	2940193.05	4704320.29	3175442.48	3086009.47
16/2015			6095574.75	3848592.82	5088420.87	5780685.16	2933971.98	5356780.52	3498346.08	3175948.79	1810670.47	8088773.99	3377124.93	5902743.02
16/2016			7314121.87	5112151.53	6023910.52	6000897.94	5227641.58	8757508.65	4682391.69	5064611.90	5677588.92	3160583.05	3656322.27	3696598.53
16/2017			5494895.00	6507823.94	4374345.98
17/2010			5289532.73	7752621.74	6620154.12	6581632.88	3986392.22	4615589.90	2563302.61	6729242.12	4792612.53	5462896.20	3648419.70	7098135.00
17/2011			4824380.06	4537497.73	3985302.45	3929139.25	5155253.17	4378076.55	5885334.67	6942426.12	7343793.29	6767898.41	4937157.08	2974695.01
17/2012			5418365.59	4176262.79	8052711.28	3791306.28	4446576.59	2074320.61	7819705.13	3807552.01	6562841.54	5637499.73	5532780.59	7244019.40
17/2013			3058631.76	5334435.58	7554062.20	3324245.52	4713478.96	3534806.45	5066597.68	8090877.21	2150045.20	5846436.50	2718489.19	2122469.99
17/2014			2086362.54	2796943.62	5754305.34	5447233.35	3255177.97	6794365.97	3933252.15	2725187.49	4369487.61	3396632.73	5691397.94	6431750.36
17/2015			4652928.18	6669035.98	3378375.03	6589911.24	4076865.34	6499929.45	3352787.76	3646268.80	3999494.72	5138101.40	1662101.15	3445860.23
17/2016			3500528.26	6491243.33	4232091.36	2471226.18	7969729.26	4586112.37	7099852.10	3337164.65	2930248.23	4023557.53	5642013.03	3413523.97
17/2017			6391480.55	3641354.33	3592734.44
18/2010			5441136.06	4981160.18	8342434.05	5370686.98	5051457.29	5148549.11	4374412.27	5791747.65	5086425.46	6218158.56	8706253.50	4575955.20
18/2011			2715686.55	2366077.08	3192567.90	7665931.70	2639679.69	8429169.68	4456990.71	5658037.93	3664590.26	3261667.80	1766848.01	5181896.85
18/2012			7097757.59	3937673.89	4494108.73	2771398.04	3822656.48	7887066.97	5303955.09	3998743.82	2093721.38	5314978.76	6131433.51	2568580.49
18/2013			5750126.50	5938526.54	6175091.42	3181634.72	4044854.47	8914280.68	5656378.35	4314998.09	3950849.27	3076432.56	3319359.07	4295583.34
18/2014			4444838.35	3773666.34	1885786.30	4320682.91	5517742.35	5019791.42	11593743.76	3333762.11	4114475.01	2885101.84	7963425.55	4162204.88
18/2015			2561193.35	2467153.67	4431068.24	4692545.34	4361022.89	6766929.37	3022351.07	3396652.43	2878440.80	6899421.81	3679608.28	1898045.06
18/2016			3866945.32	7017980.73	8201017.76	6858695.77	5117147.37	2231722.04	6299923.07	5624682.95	3628683.87	6827752.93	2292875.29	3425837.24
18/2017			3922684.13	5427318.53	1796216.15
19/2010			7998649.19	4606676.10	5137291.70	4073956.25	4749889.16	4152508.37	6509259.03	3847086.95	2893719.95	3658355.73	5338086.59	7252366.28
19/2011			1275426.79	4545487.05	2310649.79	4359191.37	3986817.41	1434016.63	3735862.69	4821286.56	3636108.16	2731072.45	6543400.33	4129250.70
19/2012			5206928.98	5724072.54	2565317.47	6785065.79	3630022.08	3614880.12	4045726.07	4199539.38	3638426.44	3246397.06	4596868.44	3379728.64
19/2013			4507436.90	3954319.79	3353686.65	4048103.91	5080510.61	3035881.89	3080884.10	2904088.70	6043130.69	4308187.10	3112591.64	4652637.76
19/2014			4672848.96	4591133.42	4025021.16	4263081.63	5258802.82	4291690.73	2985564.29	4883267.42	2454139.76	4617877.49	3555517.91	6906612.23
19/2015			2358817.89	5784483.28	7036338.10	3153259.14	5619440.45	3318265.17	6492836.89	5070617.38	1387367.49	4861642.59	5367119.13	7217586.70
19/2016			6005038.90	4098937.17	3371484.77	2943973.13	5266291.84	8174360.84	4799160.01	5880701.26	3944050.01	2601065.41	3639038.30	5756620.48
19/2017			5037943.33	5166449.67	6182576.71
20/2010			4031614.70	5326838.49	3809066.40	6208520.15	3524038.36	4274488.28	6852036.03	5019767.97	3715167.88	2584678.72	5773313.25	4524800.62
20/2011			7007878.19	3350329.92	3753703.93	5966697.86	4442700.45	5499448.08	2525630.49	5035626.72	5229638.18	2386025.27	1960931.17	4367657.33
20/2012			4636489.84	6467982.17	2858111.77	3845078.99	6723356.16	5543539.04	4097725.29	5325874.49	4035089.57	3920261.65	5217261.90	4275166.96
20/2013			6338110.01	3465644.82	3273652.79	7748779.97	3461812.66	3828319.37	2352893.37	5329459.48	5346042.06	3447446.46	4088903.79	7003642.49
20/2014			4690264.66	3838072.85	2231950.93	6323068.29	6059932.68	5302183.82	4608109.81	5659477.07	1575251.81	4228988.11	1299162.75	7027928.40
20/2015			6363913.96	4316271.92	3885699.59	5008299.14	5128075.21	2457475.06	5629003.38	5455786.39	4769755.05	4594571.74	4715993.66	4623534.90
20/2016			5857974.34	1939025.56	6121630.91	2360617.30	3554003.59	3228278.60	1941426.78	2530896.30	3521765.02	6277539.96	4455662.63	6129239.05
20/2017			4932953.05	5154771.08	3530641.35
21/2010			7419705.54	4264181.18	4624357.35	7759374.32	5951452.51	11051660.17	4085946.75	5450550.68	4933777.25	7170228.37	2482355.90	6623219.29
21/2011			4529053.50	4408143.58	3067161.97	5160486.88	3102799.31	5013721.52	6395543.50	4042663.78	9473854.31	3823351.00	3478325.74	5178225.18
21/2012			2849834.56	5625191.27	3433660.03	4794476.61	3867456.86	5820531.40	4786297.81	4070274.16	5073868.81	2199611.48	3755670.36	2658222.98
21/2013			5854056.24	2712053.11	6247080.37	5502050.35	8397672.52	3712312.12	4781263.73	4141241.84	3888880.25	4615567.16	2026297.83	3920776.26
21/2014			4540423.84	3195424.05	9448008.61	7440186.82	3724454.06	4603779.08	3811556.45	3708556.46	5101899.20	6393572.14	3471620.03	2307379.17
21/2015			5038307.58	4060583.39	4765285.05	2859705.19	5566655.93	2453954.65	5603214.32	4682458.28	4096823.40	6681289.27	4573875.33	4682403.46
21/2016			9795122.01	6610424.71	3969055.96	4592902.42	5753030.16	4126780.63	2301383.11	3237922.24	7930713.63	5089744.90	6803871.27	7287247.40
21/2017			6473279.97	5607590.76	5050862.55
22/2010			1815855.32	3335090.60	3410564.40	2629940.99	3473558.80	3912216.05	3972663.19	3423801.00	3940479.33	4395322.19	3519089.36	2558572.77
22/2011			4436748.05	4829905.58	3471174.44	6623042.99	6531737.53	3730534.17	6003922.76	4194622.41	4196844.62	3347113.94	6289731.95	4746364.44
22/2012			3705377.76	4931594.32	3340780.01	2771501.07	3462544.32	5695715.06	2304965.11	6019561.95	5514039.39	5677539.70	4950876.72	4230775.51
22/2013			5333769.91	6276704.97	5452460.37	3976395.39	2353447.93	5853383.40	4989492.03	3247219.11	3191626.58	5142957.88	2200976.26	6604365.31
22/2014			6454670.06	3486016.06	5364272.48	2957749.83	2651339.24	2430025.25	3999448.12	4991246.55	4457407.56	3107877.52	4129649.57	3504388.05
22/2015			2945637.86	5668354.24	2478477.43	5040757.14	4041524.98	6192500.48	5741145.82	4437902.99	4078025.30	8883228.50	6862353.66	4570752.97
22/2016			6029959.14	4616901.84	7086612.84	3874139.80	2509764.79	4762423.65	2416171.20	3710208.63	5659802.93	2189168.27	7027063.53	4575243.12
22/2017			2554610.15	5788086.53	2680283.79
23/2010			5839339.37	1570273.88	4098748.03	3876920.46	4821440.29	3506145.67	5332248.86	2222943.83	3505605.97	4822139.39	5332194.84	3955754.29
23/2011			3046599.54	4232252.01	661763.55	2812230.14	6853212.33	3244005.73	4261231.00	5249167.38	4146952.86	4481781.24	4901566.91	4865407.35
23/2012			2635904.08	5012631.69	6185882.60	3318626.26	5182515.12	5479250.24	5785987.71	2694681.82	2401415.75	4509159.79	4657225.43	4740365.51
23/2013			5916897.76	5093888.44	3736899.97	4306939.89	6251668.35	2889278.13	6038820.96	3809352.53	3278106.72	4694483.35	4600575.85	4686623.45
23/2014			3596471.47	5176282.77	3120348.69	5484793.16	2587258.32	4919272.96	2419710.04	5155565.16	3045583.47	5543659.59	5012584.84	2207547.79
23/2015			7815068.31	4917114.74	4809554.37	6400418.55	2361650.81	4370724.31	5306519.97	5498917.93	1234839.95	5375236.58	2727734.77	2840265.71
23/2016			6256247.82	4864909.20	3815942.25	3168022.05	4154987.50	4115758.38	1871702.12	1850903.85	2495728.51	5559720.24	4581629.18	4441898.63
23/2017			4446447.31	4873333.58	3336538.22
24/2010			5750589.57	2255953.22	4985286.10	6801368.03	1712276.32	5757854.71	6532794.90	2350459.91	1705760.87	3201535.41	5212525.70	6375000.84
24/2011			4257681.14	5986174.46	5741495.02	4477977.87	6041017.84	6697735.35	3998540.91	4621848.64	6638935.63	3858558.26	5585478.13	5846729.26
24/2012			5199753.90	3941157.06	4109459.72	6007611.69	2281585.20	5710747.81	3327929.43	2899806.11	6245099.44	2844267.74	3329873.66	5254562.63
24/2013			2946286.74	3788273.82	8560320.84	11980445.11	6195766.29	3369709.84	3201758.87	5045344.24	2985760.02	2668543.10	6514809.89	6633784.30
24/2014			1620911.58	2725239.06	3927151.93	4739459.28	2617711.37	4181383.38	3730622.33	5564903.97	4261229.79	3372149.04	5882101.74	3959884.46
24/2015			3629664.74	3498560.42	3599171.21	2768256.05	6848261.44	3115381.67	3249904.38	2546411.79	4802316.83	6662972.68	4537124.36	5179687.61
24/2016			5259608.13	6988387.64	6957267.85	3355143.07	3801148.35	7169171.11	4367620.44	5201343.27	5411852.75	2509131.44	5614513.57	4434145.91
24/2017			8009392.82	4584356.58	5699059.04
25/2010			5412970.13	5897835.85	7038684.35	3963162.31	2830165.70	3627729.09	5691477.20	2182103.17	12549369.23	7574729.90	4561011.77	2366288.48
25/2011			2873992.21	3776584.92	8486504.12	4685985.67	5379011.82	4674235.41	4693023.15	6621713.26	7358767.54	5167266.27	5613792.26	2604083.19
25/2012			3740338.10	2998465.28	2034453.35	3209041.39	5819292.52	966674.99	5544859.70	4112901.29	4803684.98	3097391.90	3406568.26	4300266.71
25/2013			4558544.46	2444345.17	4685086.83	3799068.78	6227895.20	7320260.74	4239215.91	5656323.69	4971034.43	7076707.86	4325033.42	3431414.67
25/2014			4461335.37	6618818.10	3035694.15	2947375.77	6870252.04	5913648.89	2697228.40	5462568.01	2245871.95	3833593.31	9482479.23	7823897.78
25/2015			2564296.14	6661330.23	8052254.37	7158605.58	4480861.15	5622764.80	6140050.55	7012066.53	5831892.84	4925167.18	5850376.20	4802532.40
25/2016			3240616.37	4975898.78	4525387.96	3201449.25	5107929.07	8490015.58	3147563.74	5313285.12	3016526.60	2036832.62	5120594.09	3626727.33
25/2017			3191817.90	5651802.56	5022140.84
26/2010			7256001.61	3951402.71	3458855.79	5072476.47	5359131.19	3653003.94	5497615.69	4822171.85	3581948.13	2299728.37	6319116.31	1130131.63
26/2011			2483096.63	4850980.87	5840561.28	4307502.28	4803694.34	5130345.98	6127768.37	5291767.80	5247858.33	4885383.67	2383695.31	4727737.88
26/2012			6802832.16	1592368.24	2315388.72	3634871.58	2569191.81	7625116.14	4104391.16	4578971.48	5804936.63	7779764.46	2502173.29	2724828.74
26/2013			2559251.59	7158573.66	4658523.23	2262427.44	4243392.36	3718413.05	4038662.06	2670071.08	3202654.43	2916837.52	8722483.62	6744740.84
26/2014			4467052.76	3766668.95	6176978.17	3385760.63	3835166.27	7138697.93	3714436.40	3041518.95	5051114.95	6929898.17	4189177.59	4544032.28
26/2015			1889133.12	9981540.06	1942349.41	3846667.15	4651497.78	4773437.21	5066000.16	4396029.59	5940988.86	6680985.02	5613983.32	6050375.10
26/2016			4131997.01	5009536.97	5121998.21	2899556.62	4502317.53	4164467.92	2655827.60	3706987.94	3893591.61	4868330.58	5684721.42	5649278.46
26/2017			3810914.67	4521707.30	2496631.31
27/2010			4223780.43	6264603.23	3982685.42	4517590.65	4394659.34	3480706.34	5916388.38	4781650.49	2138320.22	4706744.17	3206053.42	2538121.46
27/2011			5483415.30	3450362.70	6790494.35	2644039.78	4200754.19	8064332.77	3310782.68	4265907.54	2007738.93	4506214.77	3504506.81	6279677.91
27/2012			3384360.41	7714423.61	6412351.90	4589324.23	2432346.16	4602557.86	3683161.18	3590921.40	6972720.80	4446452.27	4663791.87	3125230.68
27/2013			5175323.52	8053045.77	4339234.31	4112447.14	7726899.85	3431509.96	3696089.30	6417921.07	1707909.38	3401948.21	2617083.41	1761808.77
27/2014			4929352.96	3803596.64	8064501.27	4588621.68	4942644.52	3886438.48	2428296.32	7130527.69	3755369.53	5938967.25	2404763.31	6631647.65
27/2015			5737407.78	4532368.59	4387800.40	4232252.37	3724877.36	4056842.04	5851103.97	5014877.38	3701852.17	6947388.62	5519448.75	5177664.73
27/2016			3497179.95	7239234.10	5472532.28	2632188.22	6734883.50	3457514.54	2731183.67	2865106.28	7301759.57	4940493.93	2396347.66	3449318.46
27/2017			4463897.03	4698025.18	3734053.68
28/2010			3621851.28	5541864.69	5104756.58	3836675.38	4585439.78	4173944.46	6125737.69	2593387.70	3769317.57	5605843.92	3324123.39	6089256.25
28/2011			3044878.90	3279958.17	2594274.15	3685217.32	3758115.18	4817459.31	7731884.73	4199424.71	5768577.29	2900287.85	1855820.25	6336527.43
28/2012			3670353.35	6905624.94	2391670.09	3898599.31	3566394.54	4245762.20	3886898.40	3348788.75	5019945.24	8790938.97	8440658.00	7674283.23
28/2013			3364600.03	5789284.70	5719707.67	2914274.76	6608349.52	7074938.02	2910153.74	4580755.11	1931475.02	6420230.02	3765102.65	2325053.19
28/2014			3746197.97	7835168.24	4589559.07	5087459.76	8598134.53	5877854.64	4776505.09	4347281.70	4345026.74	6598778.70	2030746.11	2534015.82
28/2015			2039665.21	5009439.58	4765080.37	4460473.15	4173317.98	7906742.28	2838473.48	5989127.37	5153947.00	7330006.75	2357966.11	3073162.88
28/2016			4604664.73	6150756.92	2893598.65	4172929.74	3805161.03	6598100.28	4556245.92	1860374.81	4485649.32	4042623.39	2512994.60	4935559.43
28/2017			3161525.34	2010213.81	5993011.79
29/2010			4309573.91	2238380.90	5092488.30	5242323.43	6677785.98	5838033.33	2163718.31	4390678.38	4574394.95	5677932.09	5486749.07
29/2011			6399842.12	4860626.06	4224010.82	6263900.88	3855735.19	5913563.53	5601090.45	4249324.59	3842646.98	3542212.27	2280708.73
29/2012			3400267.69	5257840.88	4799856.31	3348914.06	3923984.42	2691121.55	6335083.99	5417516.63	6512134.75	8520434.52	7153909.38	6613810.55
29/2013			6134604.71	4595373.01	4682443.60	3386845.27	1839593.63	4261634.85	5490711.72	4547815.06	5091752.29	4018324.14	6072886.94
29/2014			7157595.62	3292878.11	5155650.74	2501771.74	5138020.44	4511609.75	7418739.57	3136273.12	4605369.97	4572073.07	3252605.54
29/2015			3238939.28	4219015.16	3093058.09	4489656.01	4925088.88	3081006.35	2214880.10	6113132.07	5024174.90	6116096.72	4058070.58
29/2016			2643846.47	4305388.65	6020965.52	6252802.99	2115306.34	4768739.15	5438692.78	3639743.92	5142168.12	4274708.44	4018806.25	4996900.98
29/2017			2660960.82	3973359.21
30/2010			2561491.01	6655814.72	4925093.25	5017532.56	3617084.98	5240448.20	3022795.13	6764079.39	5433528.43	4810936.00	4581699.23
30/2011			4718460.53	4976932.93	2919451.09	4223363.60	5924753.61	3999575.97	1995888.60	7426856.24	5418609.73	4986221.28	9832127.47
30/2012			5496605.37	4595705.67	6247907.05	4380100.49	5558655.99	4515968.96	4291075.95	6357213.54	5866472.55	3997362.29	4557684.29
30/2013			1908954.78	6002157.44	3132447.70	4544582.94	4256104.33	1394888.44	2899836.48	4361845.76	3007003.00	4339887.69	5509032.19
30/2014			3043615.47	1887653.21	8002280.66	3364793.31	6912564.06	5199776.38	6078275.25	2752712.80	5409744.09	4695380.85	4012993.20
30/2015			3771972.28	4443524.17	2268464.88	3382267.86	3508258.13	2353598.93	3412362.22	4595103.60	4985598.89	6592087.76	4595079.06
30/2016			6789755.20	5419006.08	4272104.22	4228467.79	3013785.79	3728720.55	1919520.53	4762991.78	3515343.56	5364619.12	7513529.22
30/2017			3493904.17	4874149.64
31/2010			4613073.80	4905600.87	5204846.62	5745892.68	3957819.80	3507865.58	4896998.13
31/2011			7364345.58	6153366.84	3543319.82	3611603.40	7163548.30	5054979.73	3419477.24
31/2012			4710233.93	5137378.52	7219935.01	2340281.74	6598837.09	3328727.57	6422198.53
31/2013			7577420.40	4867090.84	4885058.52	8979590.37	2321979.99	6029856.55	4395722.13
31/2014			2001788.36	9685258.12	3022405.71	3501925.17	4952939.22	3836324.08	5163422.98
31/2015			4031896.19	2200105.59	5176584.58	5841803.36	3202606.87	5622843.27	3492600.47
31/2016			4536077.56	5508484.39	5464291.70	3481538.69	4238352.30	5417475.85	5026590.97
31/2017			2021367.77	4683267.50
